# Time varying values for: VelocityZ
#
# Monitoring point coordinates:
#        1 [ 0.0000000e+00,  1.0000000e-04,  0.0000000e+00]
#        2 [ 0.0000000e+00,  2.5000000e-03,  0.0000000e+00]
#        3 [ 0.0000000e+00,  4.9000000e-03,  0.0000000e+00]
#        4 [ 5.0000000e-02,  1.0000000e-04,  0.0000000e+00]
#        5 [ 5.0000000e-02,  2.5000000e-03,  0.0000000e+00]
#        6 [ 5.0000000e-02,  4.9000000e-03,  0.0000000e+00]
#        7 [ 1.0000000e-01,  1.0000000e-04,  0.0000000e+00]
#        8 [ 1.0000000e-01,  2.5000000e-03,  0.0000000e+00]
#        9 [ 1.0000000e-01,  4.9000000e-03,  0.0000000e+00]
#
# Columns:
#   0:     Time step number
#   1 - :  Values at monitoring points
#
#TITLE: VelocityZ
#COLUMN_TITLES:  nt | 1 [0.00000e+00, 1.00000e-04, 0.00000e+00] | 2 [0.00000e+00, 2.50000e-03, 0.00000e+00] | 3 [0.00000e+00, 4.90000e-03, 0.00000e+00] | 4 [5.00000e-02, 1.00000e-04, 0.00000e+00] | 5 [5.00000e-02, 2.50000e-03, 0.00000e+00] | 6 [5.00000e-02, 4.90000e-03, 0.00000e+00] | 7 [1.00000e-01, 1.00000e-04, 0.00000e+00] | 8 [1.00000e-01, 2.50000e-03, 0.00000e+00] | 9 [1.00000e-01, 4.90000e-03, 0.00000e+00]
#COLUMN_UNITS:  iter - - - - - - - - -
#
        1 -1.7239951e-17  4.0504081e-17  3.9450825e-27 -4.2671266e-17  1.4274968e-22  4.2745551e-17  2.2197375e-16  1.4520295e-15 -2.9511092e-16
        2 -1.1150059e-17  4.0504081e-17  4.9035057e-27 -4.2671264e-17 -6.9265558e-17  1.2431071e-17  1.7345936e-16  1.1538195e-15 -2.2982966e-16
        3 -1.0388781e-17  4.0504081e-17  5.1223754e-27 -4.0147029e-17 -6.9265566e-17  9.9031267e-18  1.6149290e-16  1.0812205e-15 -2.1391159e-16
        4 -1.0198480e-17  4.0262888e-17  5.2098277e-27 -3.9515646e-17 -6.9265568e-17  8.6385080e-18  1.5723394e-16  1.0549020e-15 -2.0842326e-16
        5 -1.0103333e-17  4.0142293e-17  5.2574969e-27 -3.9199816e-17 -7.1404069e-17  8.0059194e-18  1.5477676e-16  1.0393132e-15 -2.0531148e-16
        6 -1.0055761e-17  4.0142293e-17  5.2895794e-27 -3.9199816e-17 -7.2470872e-17  7.3730863e-18  1.5288638e-16  1.0271910e-15 -2.0288578e-16
        7 -1.0008190e-17  4.0142293e-17  5.3105919e-27 -3.9041786e-17 -7.3003261e-17  7.0565611e-18  1.5130566e-16  1.0170128e-15 -2.0081186e-16
        8 -9.9606199e-18  4.0142293e-17  5.3239382e-27 -3.9041786e-17 -7.3534804e-17  7.0565598e-18  1.4997591e-16  1.0084463e-15 -1.9902761e-16
        9 -9.9130499e-18  4.0081996e-17  5.3323940e-27 -3.9041786e-17 -7.4065630e-17  6.8982074e-18  1.4884874e-16  1.0012676e-15 -1.9749174e-16
       10 -9.8654803e-18  4.0081996e-17  5.3378802e-27 -3.8883631e-17 -7.4595845e-17  6.7398182e-18  1.4789994e-16  9.9525862e-16 -1.9618357e-16
