# Time varying values for: Pressure
#
# Monitoring point coordinates:
#        1 [ 0.0000000e+00,  1.0000000e-04,  0.0000000e+00]
#        2 [ 0.0000000e+00,  2.5000000e-03,  0.0000000e+00]
#        3 [ 0.0000000e+00,  4.9000000e-03,  0.0000000e+00]
#        4 [ 5.0000000e-02,  1.0000000e-04,  0.0000000e+00]
#        5 [ 5.0000000e-02,  2.5000000e-03,  0.0000000e+00]
#        6 [ 5.0000000e-02,  4.9000000e-03,  0.0000000e+00]
#        7 [ 1.0000000e-01,  1.0000000e-04,  0.0000000e+00]
#        8 [ 1.0000000e-01,  2.5000000e-03,  0.0000000e+00]
#        9 [ 1.0000000e-01,  4.9000000e-03,  0.0000000e+00]
#
# Columns:
#   0:     Time step number
#   1 - :  Values at monitoring points
#
#TITLE: Pressure
#COLUMN_TITLES:  nt | 1 [0.00000e+00, 1.00000e-04, 0.00000e+00] | 2 [0.00000e+00, 2.50000e-03, 0.00000e+00] | 3 [0.00000e+00, 4.90000e-03, 0.00000e+00] | 4 [5.00000e-02, 1.00000e-04, 0.00000e+00] | 5 [5.00000e-02, 2.50000e-03, 0.00000e+00] | 6 [5.00000e-02, 4.90000e-03, 0.00000e+00] | 7 [1.00000e-01, 1.00000e-04, 0.00000e+00] | 8 [1.00000e-01, 2.50000e-03, 0.00000e+00] | 9 [1.00000e-01, 4.90000e-03, 0.00000e+00]
#COLUMN_UNITS:  iter - - - - - - - - -
#
        1  1.5488136e-02  2.1274664e-02  2.3506830e-02 -3.4836147e-02 -3.3899413e-02 -3.3746109e-02 -4.4347936e-04 -3.8386431e-04 -3.8882183e-04
        2  2.6549384e-01  2.6603738e-01  2.6620566e-01  1.1553826e-01  1.1562227e-01  1.1567255e-01  7.5067396e-04  7.5713019e-04  7.6916877e-04
        3  3.0377113e-01  3.0431337e-01  3.0445767e-01  1.3735465e-01  1.3745884e-01  1.3751589e-01  9.0370650e-04  9.1857128e-04  9.3588720e-04
        4  3.1063226e-01  3.1112310e-01  3.1125318e-01  1.4197877e-01  1.4208816e-01  1.4214576e-01  9.3724745e-04  9.6313540e-04  9.8360459e-04
        5  3.1255300e-01  3.1300537e-01  3.1312883e-01  1.4341286e-01  1.4352369e-01  1.4358139e-01  9.4779314e-04  9.8499895e-04  1.0082501e-03
        6  3.1356889e-01  3.1399583e-01  3.1411595e-01  1.4419628e-01  1.4430768e-01  1.4436553e-01  9.5463241e-04  1.0020786e-03  1.0281323e-03
        7  3.1434706e-01  3.1475707e-01  3.1487529e-01  1.4479623e-01  1.4490797e-01  1.4496602e-01  9.6120010e-04  1.0172301e-03  1.0461213e-03
        8  3.1500720e-01  3.1540556e-01  3.1552262e-01  1.4530383e-01  1.4541582e-01  1.4547405e-01  9.6768348e-04  1.0305802e-03  1.0622681e-03
        9  3.1558470e-01  3.1597472e-01  3.1609099e-01  1.4574596e-01  1.4585814e-01  1.4591656e-01  9.7384472e-04  1.0420334e-03  1.0764698e-03
       10  3.1609249e-01  3.1647632e-01  3.1659202e-01  1.4613345e-01  1.4624578e-01  1.4630437e-01  9.7944989e-04  1.0516082e-03  1.0886056e-03
